HKL	Counts
5 3 3	500
4 6 6	500
0 2 8	500
2 0 14	500
6 0 6	499
0 2 14	499
1 3 15	499
2 0 16	499
6 4 0	498
6 4 2	497
0 2 16	497
4 2 14	496
4 2 8	495
6 4 6	494
4 6 0	493
6 0 8	493
3 1 9	493
6 0 2	492
0 6 8	492
1 3 9	492
0 2 12	492
0 0 22	491
6 0 0	483
0 6 14	481
2 4 14	479
0 6 16	475
1 5 13	474
1 1 9	470
0 6 0	457
0 6 6	455
0 6 10	454
3 3 15	452
4 6 2	445
5 1 9	440
1 5 7	432
1 5 9	432
3 3 9	419
3 7 1	418
6 0 10	415
3 1 13	407
1 1 13	404
0 6 2	401
3 5 7	400
2 4 8	397
7 1 7	387
4 2 10	385
5 1 7	384
3 1 15	384
0 4 16	383
9 1 1	379
1 3 13	378
3 3 13	371
1 3 7	366
4 2 2	365
5 1 13	361
1 1 7	347
0 6 18	339
2 0 8	335
3 1 7	331
0 2 20	325
5 5 1	323
3 5 9	313
5 5 7	311
5 3 9	265
2 4 10	260
4 2 6	254
7 3 1	253
1 7 7	239
2 4 2	226
0 4 18	216
2 4 6	214
5 3 7	211
1 7 1	200
4 6 4	198
3 3 7	193
5 1 1	175
2 0 12	173
1 1 15	156
1 5 1	148
1 1 3	147
0 4 20	145
7 1 1	143
2 4 0	112
4 2 0	111
3 5 1	110
3 3 1	100
3 5 3	98
3 1 1	97
0 0 16	92
2 2 16	92
0 6 12	91
2 4 12	89
5 3 1	84
3 1 3	82
4 0 10	81
4 4 12	80
0 2 10	71
3 7 3	61
2 0 10	56
4 2 12	54
6 0 12	52
2 6 10	51
2 0 6	46
0 0 20	46
4 4 4	45
5 1 3	43
2 0 2	38
5 5 5	38
0 2 18	37
7 1 5	36
6 2 4	35
6 2 8	35
0 4 12	35
0 0 14	34
4 4 6	33
0 0 12	33
4 0 14	33
0 0 18	33
5 5 3	32
4 4 0	31
6 4 4	31
7 3 5	31
1 7 5	31
1 3 3	30
0 4 10	30
0 4 0	29
3 3 5	29
4 0 8	29
0 4 8	29
0 2 0	28
4 4 2	28
4 2 4	28
0 4 14	28
2 2 4	27
1 1 5	27
3 1 5	27
0 2 2	26
7 1 3	26
3 3 3	26
4 0 4	26
2 4 4	26
2 6 4	26
3 7 5	26
4 0 6	26
2 6 8	26
3 5 11	26
1 3 1	25
0 0 2	25
2 2 2	25
1 5 3	25
0 2 4	25
0 6 4	25
1 5 5	25
3 5 5	25
0 2 6	25
2 2 10	25
5 3 11	25
4 0 12	25
1 1 1	24
6 2 2	24
2 6 2	24
1 7 3	24
5 3 5	24
1 3 11	24
6 2 0	23
1 3 5	23
6 2 6	23
5 1 11	23
3 3 11	23
2 2 14	23
2 0 0	22
4 0 2	22
0 0 10	22
6 2 10	22
1 5 11	22
7 3 3	21
4 4 8	21
4 4 10	21
1 1 11	21
1 1 17	21
0 0 4	20
5 1 5	20
0 4 6	20
2 6 6	20
0 2 22	20
0 4 2	19
2 0 4	19
0 0 8	19
3 1 11	19
2 2 12	19
2 2 0	18
2 2 8	18
6 0 4	17
0 4 4	17
0 0 6	17
4 0 0	16
2 2 6	15
2 6 0	14
0.8302 0 0	0