3 1 15	0	0	0
0 4 18	-1	-1	2.219205677580702
4 2 10	-1	-2	5.520818268126284
3 5 5	-1	-3	38.6025156298767
4 6 6	0.5	-2.5	29.703071512990004
3 5 3	-1	-3.5	30.126420766813737
4 0 14	-1	-4.5	41.99357107213928
6 4 2	0.5	-4.0	36.02519740079775
2 0 0	-1	-5.0	37.31671019149839
0 0 20	0.5	-4.5	33.75867927211415
1 3 7	-1	-5.5	36.55477045821328
2 6 4	0.5	-5.0	34.89513335233446
2 0 12	0.5	-4.5	32.298187183953324
5 1 11	-1	-5.5	42.989795883625604
6 4 0	0.5	-5.0	39.9200217134735
5 1 5	-1	-6.0	44.010029001538975
3 1 7	-1	-7.0	44.66679399840224
4 0 0	-1	-8.0	70.04169668464556
2 2 2	-1	-9.0	71.74723521002258
4 0 8	-1	-10.0	79.00155498874656
6 0 6	0.5	-9.5	75.0567007492622
5 5 1	0.5	-9.0	71.58635616337808
1 3 5	-1	-10.0	75.23012552085912
2 6 6	-1	-11.0	78.00596407539459
6 0 0	0.5	-10.5	74.95009905171058
4 6 2	0.5	-10.0	71.98291954721336
0 4 0	-1	-11.0	88.61859722047194
1 5 1	0.5	-10.5	85.60784687183902
0 2 20	0.5	-10.0	82.95580440743548
5 3 9	0.5	-9.5	80.09984082713102
0 2 0	0.5	-9.0	79.01241619829425
4 6 0	0.5	-8.5	76.46497549262813
3 5 7	0.5	-8.0	75.37528945628354
0 6 12	0.5	-7.5	74.14686915515583
1 1 7	0.5	-7.0	73.53680022533587
3 7 3	0.5	-6.5	71.98358447301301
2 2 0	-1	-7.5	88.03150154274259
7 1 1	0.5	-7.0	85.80807859604296
0 0 2	0.5	-6.5	85.67911520602452
5 5 3	0.5	-6.0	83.99027834546608
2 0 2	0.5	-5.5	82.36179710489691
0 2 6	0.5	-5.0	80.79920038004897
5 3 11	-1	-6.0	82.89183815992226
4 4 0	-1	-7.0	88.54947352263648
2 0 10	0.5	-6.5	86.57075784190637
4 2 0	0.5	-6.0	84.93159481177629
1 5 7	0.5	-5.5	84.10808951876159
0 2 14	0.5	-5.0	82.48910060483381
3 5 9	0.5	-4.5	80.77084680597544
3 3 5	-1	-5.5	81.51897792095704
3 3 9	0.5	-5.0	79.93257878593572
6 2 0	-1	-6.0	83.89821493920324
1 1 11	-1	-7.0	88.43543831012747
2 6 8	-1	-8.0	90.24888454094146
2 2 6	-1	-9.0	94.72501553809201
0 4 20	0.5	-8.5	93.11194175045513
2 2 12	0.5	-8.0	92.04830571988472
1 3 9	0.5	-7.5	90.56860540304076
3 7 5	0.5	-7.0	90.09585157076269
0 4 6	-1	-8.0	92.81450732928485
2 4 0	0.5	-7.5	91.49773820594397
4 4 10	0.5	-7.0	90.00576637199794
4 2 14	0.5	-6.5	88.59946126492315
1 3 3	0.5	-6.0	87.51432379065383
4 2 4	0.5	-5.5	86.9405883442522
1 5 5	-1	-6.5	87.14926531355067
6 2 6	-1	-7.5	87.89212922477321
3 3 15	0.5	-7.0	86.62153938991483
0 6 0	0.5	-6.5	85.44326117458222
0 4 4	0.5	-6.0	84.50445158320959
2 0 16	0.5	-5.5	83.4051063303045
1 1 1	0.5	-5.0	82.47064130887922
3 5 1	0.5	-4.5	81.43869739905236
0 0 4	0.5	-4.0	80.57168984231097
2 6 0	-1	-5.0	83.20669949708916
2 2 16	0.5	-4.5	82.09733210568632
2 4 14	0.5	-4.0	81.05018648567813
1 1 17	-1	-5.0	82.51218267409978
1 7 1	0.5	-4.5	81.53826468443043
4 6 4	0.5	-4.0	80.81229700699292
2 6 2	-1	-5.0	81.08058603001224
0 6 18	0.5	-4.5	80.20863763993718
6 2 4	0.5	-4.0	79.4684957630291
0 6 8	0.5	-3.5	78.53631688294776
3 1 1	0.5	-3.0	77.75577634973585
0 2 18	0.5	-2.5	76.93966693045415
1 5 9	0.5	-2.0	76.06644273189465
0 0 14	0.5	-1.5	75.8729965450051
7 3 3	0.5	-1.0	75.21226080593175
4 2 6	0.5	-0.5	74.3781160853059
5 1 1	0.5	0.0	73.62864416798423
9 1 1	0.5	0.5	72.83705623782501
0 6 10	0.5	1.0	72.07235333361861
3 1 3	0.5	1.5	71.52770955451172
1 1 5	-1	0.5	72.81962802084674
2 0 14	0.5	1.0	72.10960643324694
5 3 5	-1	0.0	72.43445764748198
6 4 4	0.5	0.5	71.94303475322178
3 3 11	-1	-0.5	73.35178376264935
1 3 1	0.5	0.0	72.74414711660343
6 0 8	0.5	0.5	72.04271797178563
1 3 13	0.5	1.0	71.79407335391167
6 0 12	0.5	1.5	71.73457846858508
4 2 12	0.5	2.0	71.25140171549691
0 6 4	0.5	2.5	70.87305542942728
4 2 2	0.5	3.0	70.24920803176533
2 0 8	-1	2.0	70.56955117733645
2 2 4	0.5	2.5	70.10671951125589
1 1 9	0.5	3.0	69.54934725169008
1 3 15	0.5	3.5	68.91635105461222
0 4 8	-1	2.5	70.11776075430494
4 0 10	0.5	3.0	69.51153705945376
0 4 10	0.5	3.5	68.92027354707454
0 2 16	0.5	4.0	68.37661709860251
3 3 3	0.5	4.5	67.96052368402428
6 2 2	-1	3.5	68.26789025121732
3 3 1	0.5	4.0	67.74928233107437
0 2 2	0.5	4.5	67.33683060478631
5 3 1	0.5	5.0	66.83897193806723
0 6 14	0.5	5.5	66.36181654982994
0 4 16	0.5	6.0	65.83190816617511
5 5 7	0.5	6.5	65.7979961226267
4 2 8	0.5	7.0	65.43900462592973
7 3 1	0.5	7.5	64.92744707983901
5 3 3	0.5	8.0	64.6640078388592
6 0 10	0.5	8.5	64.16233621963605
0 4 12	0.5	9.0	63.8047277979563
5 1 7	0.5	9.5	63.65837203130213
3 7 1	0.5	10.0	63.181403676234424
3 1 5	-1	9.0	63.83770956439118
1 7 5	-1	8.0	63.92723374947709
4 0 2	-1	7.0	64.25493507903572
2 2 14	-1	6.0	64.40777655452858
1 1 15	0.5	6.5	63.98703183911916
0 2 4	-1	5.5	64.19120003088732
1 1 13	0.5	6.0	64.04657788774445
0 6 2	0.5	6.5	63.5945890451639
1 5 13	0.5	7.0	63.38810033417119
6 0 2	0.5	7.5	62.944304943040386
3 3 7	0.5	8.0	62.904638656401616
6 4 6	0.5	8.5	62.50746221893309
4 4 8	-1	7.5	63.3930161689497
7 1 7	0.5	8.0	63.166184669136065
2 2 8	-1	7.0	64.0337321384543
0 6 16	0.5	7.5	63.67497368759958
0 4 2	-1	6.5	63.96550838201272
5 5 5	-1	5.5	64.0264820267952
0 2 10	0.5	6.0	63.614003215366786
0 0 6	-1	5.0	65.58569458929459
2 4 2	0.5	5.5	65.18783466774637
4 0 4	0.5	6.0	64.90236168107991
2 4 12	0.5	6.5	64.72704025488996
1 3 11	-1	5.5	65.97399520561764
4 4 2	-1	4.5	66.19941684671214
0 0 16	0.5	5.0	65.77214596771282
1 7 7	0.5	5.5	65.50267337793188
1 1 3	0.5	6.0	65.16635795654689
4 4 4	0.5	6.5	64.89714199001287
2 4 8	0.5	7.0	64.61554215537589
7 1 5	-1	6.0	64.67512608908679
0 4 14	-1	5.0	64.90599867007353
2 4 6	0.5	5.5	64.5089848204311
0 0 18	0.5	6.0	64.20103797272004
5 1 3	0.5	6.5	63.93968781655072
0 2 8	-1	5.5	64.08796564193909
7 1 3	0.5	6.0	63.8482390667889
3 1 11	-1	5.0	64.9600589024226
2 4 10	0.5	5.5	64.5711163505683
2 0 4	-1	4.5	64.72587819975323
0 2 12	0.5	5.0	64.4073089402336
4 0 12	0.5	5.5	64.11484608905334
1 5 3	0.5	6.0	63.856807110495204
4 4 12	0.5	6.5	63.49314654400227
6 0 4	0.5	7.0	63.310639757867285
3 3 13	0.5	7.5	63.23029423969352
0 6 6	0.5	8.0	62.870099092600555
1 7 3	0.5	8.5	62.64780495021827
0 0 22	0.5	9.0	62.30756356794391
3 1 9	0.5	9.5	61.99426133583941
2 4 4	0.5	10.0	61.9338572180908
4 4 6	-1	9.0	62.4909127239745
7 3 5	0.5	9.5	62.48366802138415
0 0 8	-1	8.5	63.01678024246817
2 2 10	0.5	9.0	62.67414062968232
0 0 12	0.5	9.5	62.61173433260014
5 1 13	0.5	10.0	62.45269184969107
3 5 11	-1	9.0	63.03492962301384
6 2 8	-1	8.0	63.69919006730203
5 3 7	0.5	8.5	63.51325241165676
0 2 22	0.5	9.0	63.281800283035956
2 0 6	0.5	9.5	63.026380441033986
4 0 6	-1	8.5	64.01858483959855
0 0 10	0.5	9.0	63.6869322212915
2 6 10	0.5	9.5	63.35863200252645
1 5 11	-1	8.5	63.920207616285445
5 1 9	0.5	9.0	63.60875893466196
3 1 13	0.5	9.5	63.425848747406
6 2 10	0.5	10.0	63.105770065484386
